0.581310 -0.512175 0.527718
0.704452 -0.272296 0.545466
0.635513 -0.119297 0.556312
0.601075 0.013497 0.518483
0.534110 -0.175423 0.506784
0.620023 -0.071722 0.562455
0.668112 -0.143562 0.519112
0.612403 -0.465005 0.507094
0.376060 -0.390982 0.547793
0.667113 -0.168403 0.563698
0.482808 -0.055783 0.537041
0.494188 -0.059342 0.587592
0.511219 -0.040175 0.546098
0.625001 -0.283874 0.586522
0.678349 -0.003299 0.541265
0.571779 -0.511229 0.497821
0.533212 -0.045257 0.554906
0.520388 -0.517789 0.473835
0.587105 -0.033150 0.525187
0.676806 -0.111202 0.584701
0.648640 -0.120199 0.555962
0.723634 0.025338 0.577462
0.607093 -0.048985 0.516373
0.471049 -0.159903 0.557968
0.545124 -0.114164 0.573178
0.510508 -0.089350 0.546729
0.634246 -0.148489 0.598605
0.661379 0.069996 0.530279
0.343985 -0.423315 0.529159
0.481636 -0.101728 0.536553
0.627678 -0.108460 0.571635
0.544877 -0.194726 0.597712
0.543555 -0.143297 0.577417
0.602882 -0.407332 0.487927
0.511219 -0.040175 0.546098
