0.715623 -0.187623 0.525038 -0.420734
0.789658 -0.320451 0.510848 -0.113076
0.742017 -0.316434 0.433214 -0.402002
0.756234 -0.134880 0.498271 -0.402048
-0.643448 -0.333157 -0.265656 0.635931
0.762258 -0.213453 0.520610 -0.319946
0.655366 -0.338605 0.566577 -0.367194
0.717671 -0.317751 0.480296 -0.391534
0.770041 -0.132313 0.462257 -0.419344
0.578087 -0.565472 0.587885 0.021164
0.712078 -0.274627 0.606099 -0.223982
0.731754 -0.287061 0.566723 -0.246896
0.739826 -0.266660 0.583392 -0.202987
0.490150 -0.606718 0.622989 0.059411
0.736346 -0.115026 0.539535 -0.391747
0.703127 -0.270651 0.527583 -0.392449
0.724379 -0.263838 0.604792 -0.199730
0.704384 -0.217329 0.531468 -0.417317
0.755703 -0.171462 0.483111 -0.407575
0.708558 -0.218398 0.591461 -0.316893
0.715044 -0.256259 0.587627 -0.278816
0.733985 -0.122992 0.558872 -0.365788
0.731649 -0.191484 0.552089 -0.351029
0.759116 -0.342453 0.529582 -0.161284
0.791241 -0.249156 0.514129 -0.218017
0.768175 -0.200052 0.527249 -0.303142
0.673855 -0.431872 0.553601 -0.230068
0.817619 -0.066869 0.376108 -0.430779
0.765504 -0.152765 0.515475 -0.353486
0.768141 -0.244800 0.554931 -0.205144
0.565842 -0.574742 0.591120 -0.008381
0.425652 -0.618918 0.660069 0.008333
0.630528 -0.457970 0.590846 -0.208804
0.745659 -0.082549 0.484144 -0.450315
0.490150 -0.606718 0.622989 0.059411
